1	94165	4										
1	140297	2
1	461372	4
1	194529	2
2	158512	2
2	312456	2
2	443608	1										
2	31480	2										
2	43516	2										
2	61117	2										
2	68485	2										
2	83947	3										
2	90162	2										
2	102766	2										
2	102916	3										
2	104952	2										
2	137812	2										
2	154698	2										
2	170874	2										
2	171240	2										
2	188400	2										
2	191251	2										
2	204559	3										
2	211249	2										
2	218044	2										
2	247887	2										
2	250674	2										
2	256219	2										
2	268534	2										
2	274649	2										
2	293264	2										
2	293265	2										
2	294539	2										
2	341311	2										
2	351065	2										
2	356266	2										
2	385382	2										
2	415265	2										
2	425200	2										
2	427460	2										
2	437674	2										
2	440474	2										
2	442351	2										
2	462649	3										
2	463311	2
3	365743	4
3	180847	3
3	27056	3
4	142073	2										
4	16237	2										
4	16914	4										
4	18958	2										
4	23100	3										
4	37959	2										
4	43835	3										
4	55788	3										
4	68217	3										
4	76799	3										
4	80788	2										
4	85327	2										
4	106075	2										
4	112166	2										
4	117399	2										
4	125784	3										
4	137185	2										
4	139136	2										
4	143900	2										
4	170145	2										
4	175452	3										
4	175760	2										
4	185807	2										
4	187341	2										
4	190173	2										
4	208836	2										
4	226817	3										
4	234643	2										
4	234647	2										
4	239077	2										
4	272298	2										
4	273319	3										
4	325178	3										
4	333737	3										
4	333741	3										
4	352546	3										
4	364711	3										
4	364713	3										
4	393302	3										
4	393303	3										
4	400251	4										
4	402620	4										
4	403645	3										
4	407349	3										
4	411927	2										
4	421029	3										
4	446535	3										
4	446589	3										
4	448699	3										
4	452856	2										
4	460058	2
5	126519	1
5	108736	2
5	35910	2										
5	21300	3										
5	21575	3										
5	52077	2										
5	82375	2										
5	101971	2										
5	101979	4										
5	112704	3										
5	114014	2										
5	114153	2										
5	138501	2										
5	138962	2										
5	138987	2										
5	142053	2										
5	170045	2										
5	225682	2										
5	241493	2										
5	242143	2										
5	261113	2										
5	280894	2										
5	300466	2										
5	322306	2										
5	324924	2										
5	325559	2										
5	328805	2										
5	335199	2										
5	347583	2										
5	355546	2										
5	356001	2										
5	362781	2										
5	370003	2										
5	373992	2										
5	399609	3										
5	402560	3										
5	420929	3										
5	422060	3										
5	429898	3										
5	437673	3										
5	454084	3										
5	458770	3										
6	74295	2										
6	130743	2										
6	172443	4										
6	342958	2	
6	446381	2									
6	380220	4										
6	420410	2
7	218481	3
7	391218	2
7	222487	2
8	147985	2
8	116613	2										
8	5015	2										
8	6410	2										
8	18064	2										
8	20397	4										
8	53251	3										
8	54065	2										
8	56457	2										
8	75793	2										
8	98035	2										
8	108197	2										
8	114578	2										
8	121903	2										
8	130227	2										
8	137135	2										
8	139174	2										
8	139285	2										
8	147086	2										
8	154927	2										
8	175515	2										
8	185757	2										
8	187422	2										
8	210882	2										
8	212625	2										
8	213609	2										
8	224653	2										
8	227351	2										
8	232145	2										
8	234262	2										
8	289023	2										
8	290067	2										
8	292706	2										
8	303779	2										
8	328883	2										
8	337332	2										
8	346407	2										
8	366091	2										
8	373327	2										
8	375526	2										
8	377246	2										
8	380788	2										
8	398943	2										
8	452416	2										
8	457850	2										
8	463182	2
9	300345	2
9	30951	3
9	163541	2
10	395463	1
11	439921	2
11	30563	2
12	35561	2
12	208195	2										
12	1254	2										
12	2327	2										
12	4908	2										
12	6519	2										
12	6580	2										
12	12152	2										
12	34545	2										
12	40170	2										
12	43132	2										
12	43413	2										
12	49881	2										
12	71729	2										
12	87226	2										
12	93803	2										
12	96161	2										
12	96247	2										
12	100538	2										
12	100714	2										
12	103029	2										
12	104791	2										
12	109767	2										
12	110920	2										
12	111857	2										
12	118553	2										
12	122789	2										
12	126148	2										
12	130865	2										
12	132643	2										
12	147952	2										
12	154611	2										
12	160154	2										
12	164800	2										
12	167033	2										
12	170826	2										
12	178174	2										
12	183834	2										
12	188026	2										
12	207740	2										
12	213579	2										
12	222115	2										
12	222825	2										
12	234460	3										
12	243296	2										
12	247030	2										
12	256071	2										
12	256701	2										
12	260401	2										
12	260649	2										
12	266344	2										
12	269794	2										
12	277779	2										
12	281183	4										
12	285952	2										
12	286364	2										
12	289292	2										
12	294321	2										
12	301092	2										
12	301343	2										
12	301668	2										
12	303997	2										
12	306493	2										
12	332931	2										
12	335964	2										
12	344309	2										
12	344645	2										
12	344771	2										
12	347399	2										
12	354471	2										
12	356734	2										
12	356812	2										
12	358254	2										
12	364058	2										
12	364464	2										
12	381199	2										
12	382288	2										
12	383851	2										
12	390067	2										
12	391523	2										
12	392450	2										
12	403384	2										
12	410181	2										
12	415838	2										
12	419181	2										
12	421983	2										
12	426432	2										
12	438433	2										
12	439654	2										
12	439760	2										
12	449941	2										
12	453055	2										
12	459987	2										
13	346062	2
13	123718	1
13	238335	2
13	58438	2
14	421631	2
14	64354	2										
14	11024	2										
14	20319	2										
14	21061	2										
14	24159	2										
14	24466	2										
14	28302	2										
14	40444	2										
14	44832	2										
14	56329	2										
14	58419	2										
14	64288	2										
14	67502	2										
14	71136	2										
14	81180	2										
14	85244	2										
14	91826	2										
14	105678	2										
14	114536	2										
14	119791	2										
14	124763	2										
14	124765	2										
14	126130	2										
14	128909	2										
14	148315	2										
14	160519	2										
14	173213	2										
14	174737	2										
14	176266	2										
14	177719	2										
14	188536	2										
14	188538	2										
14	192482	2										
14	201766	2										
14	211757	2										
14	227713	2										
14	230666	2										
14	243641	2										
14	252147	2										
14	257692	2										
14	260821	2										
14	266560	2										
14	267653	2										
14	291930	2										
14	293640	2										
14	306753	2										
14	311717	2										
14	312694	2										
14	325298	2										
14	325568	2										
14	328566	2										
14	349764	2										
14	379262	2										
14	388574	2										
14	401682	2										
14	402354	2										
14	403266	2										
14	404625	2										
14	405886	2										
14	419211	4										
14	424599	2										
14	431635	2										
14	433997	2										
14	438993	2										
14	455378	2										
14	456001	2										
14	459584	2										
15	14027	2										
15	25999	3										
15	39738	2										
15	44333	2										
15	56211	2										
15	56215	2										
15	56216	2										
15	67198	2										
15	68960	2										
15	73151	2										
15	73276	2										
15	79192	2										
15	82728	2										
15	83456	2										
15	84308	2	
15	141656	3
15	425526	1
15	330260	3									
15	88472	2										
15	98969	2										
15	100240	2										
15	102616	2										
15	113527	2										
15	116349	2										
15	124241	2										
15	141212	2										
15	142616	2										
15	148012	2										
15	155909	2										
15	157546	2										
15	159263	2										
15	165775	2										
15	173890	2										
15	173900	2										
15	175117	2										
15	180433	2										
15	188209	2										
15	203893	2										
15	237949	4										
15	246562	2										
15	247377	2										
15	264824	2										
15	265502	2										
15	296527	2										
15	302842	2										
15	312993	2										
15	315171	3										
15	327359	2										
15	331354	2										
15	331524	2										
15	333611	2										
15	338257	4										
15	340640	2										
15	340965	2										
15	361808	2										
15	363495	2										
15	367171	2										
15	379475	2										
15	383277	2										
15	390150	2										
15	396535	2										
15	414691	2										
15	425577	2										
15	428610	2										
15	430826	2										
15	431907	2										
15	438717	2										
15	444198	2										
15	450541	2										
15	452742	2										
15	463524	2										
15	463527	2	
16	155763	4
16	45580	3									
17	7527	2										
17	8395	2	
17	131584	4									
17	21336	2										
17	30564	2										
17	31774	3										
17	33339	3										
17	37381	2										
17	42241	2										
17	46739	2										
17	51422	2										
17	59823	2										
17	67545	2										
17	75993	2										
17	78433	2										
17	82268	2										
17	85042	2										
17	91244	2										
17	95759	2										
17	164366	2										
17	170059	2										
17	188490	2										
17	192841	2										
17	195089	2										
17	195433	2										
17	195895	2										
17	202100	2										
17	202101	2										
17	207713	2										
17	208313	2										
17	210404	2										
17	224152	2										
17	231380	2										
17	233214	4										
17	233521	2										
17	270369	2										
17	286855	2										
17	287910	2										
17	289503	2										
17	313271	4										
17	313566	2										
17	313567	2										
17	325797	2										
17	327575	2										
17	329450	2										
17	331804	2										
17	345126	2										
17	348346	2										
17	359985	2										
17	362066	2										
17	373241	2										
17	382505	2										
17	382519	2										
17	384462	2										
17	386801	2										
17	387813	2										
17	388180	2										
17	397874	2										
17	413229	2										
17	433734	2										
17	440175	2										
17	442805	2										
17	446055	2										
17	446606	2										
17	447060	2										
17	449541	2										
17	460220	2										
17	462535	2										
18	25745	3										
18	237593	3										
18	293834	3										
18	327550	3										
18	337278	3										
18	367499	4										
18	390076	3	
19	355975	2									
19	87749	2
20	160671	3	
21	71313	2
22	180236	2	
23	44662	1
23	267055	1								
25	98751	2										
25	149623	2										
25	160779	3										
25	347167	2										
25	410526	4										
25	413077	2										
25	415224	2										
25	422560	2										
